0 0 0 0 0 0 0 0 0 0 0 0 0 0 0 0 0 0 0 0 0 0 0 0 0 0 0 0 0 0 0 0 0 0 0 0 0 0 0 0 0 0 0 0 0 0 0 0 0 0
0 0 0 0 0 0 0 0 0 0 0 0 0 0 0 0 0 0 0 0 0 0 0 3 0 0 0 0 0 0 4 0 0 0 0 0 0 0 0 0 0 0 0 0 0 0 0 0 0 0
0 0 0 0 0 0 0 0 0 0 0 0 0 0 1 0 0 2 0 0 2 4 0 4 0 0 4 3 4 0 4 0 4 0 3 3 4 0 0 0 0 4 3 0 0 0 0 4 0 3
0 0 0 0 0 0 0 0 0 0 0 0 0 0 0 0 0 0 0 0 0 0 0 4 0 0 2 0 0 0 4 0 0 3 0 0 4 0 0 2 0 0 4 0 0 0 2 0 2 0
0 0 0 0 0 0 0 0 0 1 0 0 0 0 0 0 0 0 0 0 0 4 0 0 0 0 4 0 0 0 0 0 0 0 0 0 4 0 0 0 0 0 0 0 0 0 0 0 2 0
0 0 0 0 0 0 0 0 0 0 0 0 0 0 2 0 1 2 0 0 0 0 0 1 0 0 0 0 0 0 0 0 0 2 0 0 0 0 0 0 0 0 4 0 0 3 0 0 0 0
0 0 0 0 0 0 0 0 0 0 0 0 0 0 2 1 0 2 0 0 0 1 0 4 0 0 4 0 0 1 0 0 0 4 0 0 0 0 3 4 4 4 4 0 0 0 2 0 3 2
0 0 0 0 0 0 0 4 4 4 4 0 0 4 4 4 4 4 0 4 4 4 0 4 0 4 4 4 4 4 0 0 4 4 4 4 0 0 4 4 4 0 4 0 0 0 4 4 0 0
0 0 0 0 0 0 0 4 4 4 4 4 0 4 1 4 4 2 0 4 4 1 4 4 1 4 4 0 4 4 0 0 4 0 4 0 0 0 4 4 0 4 4 0 4 4 4 4 4 0
0 0 0 0 0 0 0 4 4 4 4 4 0 4 4 0 1 3 0 0 4 0 4 4 0 4 4 0 0 4 0 0 0 0 0 4 0 0 4 0 0 4 0 0 4 4 0 4 0 0
0 0 0 0 0 0 0 4 4 4 4 4 0 4 4 0 4 3 0 0 4 0 0 4 0 0 4 4 4 4 0 0 0 4 0 0 2 0 4 4 4 1 3 0 0 3 1 4 4 4
0 0 0 0 0 0 0 4 4 4 4 0 0 0 4 0 1 4 0 0 4 4 4 3 0 0 4 4 4 2 0 0 4 2 0 4 0 0 4 4 4 0 3 0 0 4 0 4 4 4
0 0 0 0 0 0 0 0 0 0 0 0 0 0 4 0 4 4 0 0 4 4 0 0 0 0 0 0 0 0 0 0 0 0 0 0 0 0 0 3 0 0 4 0 0 0 0 0 0 4
0 0 0 0 0 0 0 0 0 0 0 0 0 0 0 0 3 4 0 0 4 0 0 4 0 0 4 0 0 4 0 0 0 2 0 0 2 0 4 4 0 4 4 0 0 2 0 0 4 0
0 0 0 0 0 0 0 0 1 0 0 0 0 4 4 4 4 3 0 0 1 0 0 1 0 0 4 4 4 0 0 0 0 4 0 4 0 0 4 4 4 4 4 0 4 1 4 2 4 1
0 0 0 0 0 0 0 0 0 0 0 0 0 0 0 4 4 0 0 0 4 0 0 4 0 0 4 0 4 3 0 0 4 2 0 4 0 0 4 4 4 4 4 0 4 4 4 0 4 0
0 0 0 0 0 0 0 4 0 0 0 0 0 0 0 4 4 0 0 0 4 0 0 4 0 0 4 0 0 4 0 0 4 0 0 4 0 0 4 4 0 4 4 0 4 0 0 0 4 0
0 0 0 0 0 0 0 4 4 0 0 0 0 4 4 0 0 4 0 0 0 0 0 4 0 0 0 0 4 4 0 0 4 0 4 4 0 0 4 4 4 4 0 0 0 4 4 4 4 0
0 0 0 0 0 0 0 0 0 0 0 0 0 0 0 0 0 0 0 0 4 3 0 2 0 0 3 0 0 0 0 0 0 0 0 0 0 0 3 0 4 0 3 0 0 3 4 0 0 0
0 0 0 0 0 0 0 0 0 0 0 0 0 4 4 1 4 4 0 0 4 4 4 4 0 0 4 0 0 2 0 0 2 0 2 3 2 0 0 0 0 4 0 0 0 0 0 0 0 0
0 0 0 0 0 4 4 0 0 0 0 0 0 4 4 4 4 4 0 4 3 4 4 4 0 4 3 4 4 0 3 0 4 4 4 4 4 0 4 4 4 4 4 0 4 3 4 4 4 0
0 4 1 0 0 4 1 0 0 0 0 0 0 4 4 4 4 4 0 4 0 0 0 4 0 0 4 0 1 4 0 0 4 0 0 4 0 0 4 4 0 0 0 0 4 4 0 0 0 0
0 4 4 4 1 4 4 0 0 0 0 0 0 0 0 0 0 0 0 0 3 2 4 1 0 0 4 1 1 0 0 0 0 0 0 0 0 0 4 0 1 0 4 0 4 3 0 4 4 0
0 4 4 0 0 4 4 0 0 0 0 4 0 0 0 0 0 0 0 4 4 4 4 1 0 0 0 4 4 4 4 0 2 0 37 2 2 0 0 3 3 2 3 0 4 2 3 4 4 0
0 0 0 0 0 0 0 0 0 0 0 0 0 0 0 0 0 0 0 0 0 0 4 4 0 0 0 0 0 0 0 0 0 0 0 0 0 0 0 38 0 0 0 0 0 0 0 4 0 0
0 0 0 39 0 0 0 0 0 0 0 0 0 0 0 0 0 0 0 0 0 0 0 0 0 0 0 0 0 0 0 0 0 0 0 0 0 0 0 0 0 0 0 0 0 0 0 0 0 0
40 40 0 39 39 39 39 39 0 41 0 0 0 42 42 42 42 42 0 43 43 43 0 44 0 45 45 0 46 46 0 0 47 47 47 0 0 0 48 48 48 48 48 0 49 49 0 50 50 0
40 1 0 39 2 39 0 1 0 41 4 41 0 42 42 42 42 1 0 43 43 0 2 3 0 0 45 45 0 3 4 0 47 47 47 0 0 0 0 3 2 4 4 0 49 1 0 50 50 0
40 40 0 0 0 0 0 39 1 0 1 41 0 42 1 42 42 42 0 43 1 0 0 0 0 0 45 45 45 0 0 0 47 47 47 47 0 0 0 0 0 0 0 0 0 0 50 50 50 0
40 40 40 40 40 40 0 39 0 0 0 1 0 42 0 42 42 42 0 43 43 43 43 4 0 45 45 1 45 45 0 0 47 47 47 47 0 0 0 51 51 51 51 0 0 0 50 50 50 0
0 40 0 40 40 0 0 39 1 0 0 0 0 42 0 0 42 42 0 0 1 0 0 1 0 45 45 45 0 45 0 0 0 0 1 0 0 0 0 51 51 51 51 0 0 0 50 50 50 0
0 2 0 0 0 0 0 0 0 4 0 0 0 0 0 0 0 0 0 0 1 1 4 1 0 0 0 0 4 0 1 0 0 0 0 0 0 0 0 0 0 1 0 0 0 0 0 0 1 0
0 0 52 52 52 0 0 53 53 53 53 0 0 54 54 54 54 54 0 0 0 55 55 55 0 0 0 2 0 57 0 0 0 58 58 58 58 0 59 59 0 0 0 0 0 0 0 0 0 0
0 0 0 0 52 0 0 0 0 53 53 0 0 54 54 54 54 0 0 55 55 55 55 55 0 0 60 0 0 57 0 0 58 58 58 58 58 0 59 59 0 0 0 0 0 0 0 0 0 0
0 0 0 0 52 0 0 61 0 0 53 0 0 54 0 0 54 0 0 55 55 0 55 55 0 0 60 0 0 0 0 0 0 0 0 0 58 0 0 0 0 0 0 0 0 0 0 0 0 0
0 0 1 4 4 0 0 3 61 4 0 0 0 54 54 0 54 4 0 0 4 4 55 55 0 0 3 4 62 0 2 0 0 63 0 0 0 0 64 0 0 0 0 0 0 0 0 0 0 0
65 65 0 52 52 0 0 61 61 61 1 0 0 54 2 0 4 4 0 0 66 0 1 3 0 60 60 0 62 4 2 0 3 4 1 1 1 4 0 1 0 0 0 0 0 0 0 0 0 0
0 0 0 0 0 4 0 4 0 0 0 0 0 54 54 0 0 0 0 66 3 0 55 3 0 0 1 0 62 62 0 0 0 0 0 0 0 1 0 0 0 0 0 0 0 0 0 0 0 0
0 67 67 67 2 0 0 4 68 68 68 68 0 54 4 0 69 3 0 66 4 0 55 55 0 0 3 0 62 3 0 0 4 0 1 70 2 0 0 0 0 0 0 0 0 0 0 0 0 0
0 67 67 67 67 0 0 68 1 68 68 68 0 54 4 0 69 0 0 0 66 0 0 1 0 0 60 0 1 71 0 0 0 0 0 0 0 0 0 4 0 0 0 0 0 0 0 0 0 0
0 2 67 2 0 2 0 2 4 2 68 3 0 54 3 0 3 0 0 0 4 0 0 0 0 0 60 60 1 4 0 0 0 0 0 0 0 0 0 0 0 0 0 0 0 0 0 0 0 0
67 67 0 0 67 0 0 68 68 0 68 0 0 54 2 0 0 0 0 72 4 72 0 1 0 0 3 0 73 4 0 0 0 0 0 0 0 0 0 0 0 0 0 0 0 0 0 0 0 0
0 67 67 67 67 0 0 68 68 68 68 68 0 54 4 0 1 74 0 72 72 72 72 72 0 0 60 60 0 0 0 0 0 0 0 0 0 0 0 0 0 0 0 0 0 75 0 0 0 0
0 0 1 0 0 0 0 0 0 0 2 0 0 1 0 0 0 0 0 0 3 0 0 0 0 0 3 0 0 1 0 0 0 0 0 0 1 0 0 0 0 0 0 0 0 0 0 0 0 0
0 0 0 3 0 4 0 0 0 3 0 0 0 0 3 0 0 2 0 0 3 0 0 2 0 0 0 3 0 0 0 0 0 0 0 0 0 0 0 0 0 0 0 0 0 0 0 0 0 0
0 0 1 0 4 0 0 0 4 0 0 4 0 0 4 0 0 1 0 0 3 0 0 3 0 0 0 2 0 3 0 0 0 0 0 0 0 0 0 0 0 0 0 0 0 0 0 0 0 0
0 0 0 0 0 0 0 0 0 0 0 4 0 1 0 0 0 0 0 0 0 1 1 0 0 0 0 2 0 0 0 0 0 0 0 0 0 0 0 0 0 0 0 0 0 0 1 0 0 0
0 2 0 0 0 0 0 0 0 0 0 0 0 0 0 0 0 0 0 0 0 0 0 0 0 0 0 0 0 0 0 0 0 0 0 0 0 0 0 0 0 0 0 0 0 0 0 0 0 0
0 1 1 4 0 4 0 2 3 1 0 2 0 0 4 4 4 4 0 0 4 4 4 3 0 0 0 2 0 4 0 0 0 0 0 0 0 0 0 0 0 0 0 0 0 0 4 0 0 0
0 0 0 0 0 0 0 0 0 0 0 0 0 0 0 0 0 0 0 0 0 0 0 0 0 0 0 0 0 0 0 0 0 0 0 0 0 0 0 0 0 0 0 0 0 0 0 0 0 0
